Minimalism
Action_painting
Cubism
[[[[-0.99215686 -0.99215686 -0.99215686]
   [-0.99215686 -0.99215686 -0.99215686]
   [-0.99215686 -0.99215686 -0.99215686]
   ...
   [-0.99215686 -0.99215686 -0.99215686]
   [-0.99215686 -0.99215686 -0.99215686]
   [-0.99215686 -0.99215686 -0.99215686]]

  [[-0.99215686 -0.99215686 -0.99215686]
   [-0.99215686 -0.99215686 -0.99215686]
   [-0.99215686 -0.99215686 -0.99215686]
   ...
   [-0.99215686 -0.99215686 -0.99215686]
   [-0.99215686 -0.99215686 -0.99215686]
   [-0.99215686 -0.99215686 -0.99215686]]

  [[-0.99215686 -0.99215686 -0.99215686]
   [-0.99215686 -0.99215686 -0.99215686]
   [-0.99215686 -0.99215686 -0.99215686]
   ...
   [-0.99215686 -0.99215686 -0.99215686]
   [-0.99215686 -0.99215686 -0.99215686]
   [-0.99215686 -0.99215686 -0.99215686]]

  ...

  [[-0.99215686 -0.99215686 -0.99215686]
   [-0.99215686 -0.99215686 -0.99215686]
   [-0.99215686 -0.99215686 -0.99215686]
   ...
   [-0.99215686 -0.99215686 -0.99215686]
   [-0.99215686 -0.99215686 -0.99215686]
   [-0.99215686 -0.99215686 -0.99215686]]

  [[-0.99215686 -0.99215686 -0.99215686]
   [-0.99215686 -0.99215686 -0.99215686]
   [-0.99215686 -0.99215686 -0.99215686]
   ...
   [-0.99215686 -0.99215686 -0.99215686]
   [-0.99215686 -0.99215686 -0.99215686]
   [-0.99215686 -0.99215686 -0.99215686]]

  [[-0.99215686 -0.99215686 -0.99215686]
   [-0.99215686 -0.99215686 -0.99215686]
   [-0.99215686 -0.99215686 -0.99215686]
   ...
   [-0.99215686 -0.99215686 -0.99215686]
   [-0.99215686 -0.99215686 -0.99215686]
   [-0.99215686 -0.99215686 -0.99215686]]]


 [[[-0.99470973 -0.994802   -0.99526334]
   [-0.99470973 -0.994802   -0.99526334]
   [-0.9946482  -0.9947405  -0.9952018 ]
   ...
   [-0.9950633  -0.9952786  -0.9955247 ]
   [-0.9950557  -0.9953325  -0.99554783]
   [-0.99485576 -0.99513257 -0.99534786]]

  [[-0.994733   -0.99482524 -0.9952866 ]
   [-0.9947405  -0.99483275 -0.9952941 ]
   [-0.99467146 -0.99476373 -0.9952251 ]
   ...
   [-0.9950323  -0.9952476  -0.9954937 ]
   [-0.99501693 -0.99529374 -0.9955091 ]
   [-0.994817   -0.9950938  -0.9953091 ]]

  [[-0.99475646 -0.9948487  -0.99531007]
   [-0.99477124 -0.9948635  -0.99532485]
   [-0.99470973 -0.994802   -0.99526334]
   ...
   [-0.9949552  -0.9951705  -0.9954165 ]
   [-0.9949552  -0.995232   -0.9954473 ]
   [-0.9947399  -0.9950167  -0.995232  ]]

  ...

  [[-0.99512315 -0.9952462  -0.9955845 ]
   [-0.9950223  -0.9951453  -0.99548364]
   [-0.99506044 -0.99518347 -0.9955218 ]
   ...
   [-0.99520063 -0.99532366 -0.99560046]
   [-0.9951545  -0.9952775  -0.9955543 ]
   [-0.9949244  -0.99504745 -0.99532425]]

  [[-0.99514854 -0.99527156 -0.99560994]
   [-0.9951786  -0.9953016  -0.99564   ]
   [-0.9952018  -0.99532485 -0.9956632 ]
   ...
   [-0.9953091  -0.99543214 -0.995709  ]
   [-0.9952401  -0.9953631  -0.99564   ]
   [-0.99497867 -0.9951017  -0.9953785 ]]

  [[-0.995332   -0.995455   -0.9957319 ]
   [-0.99534    -0.995463   -0.9957399 ]
   [-0.9953866  -0.9955097  -0.9957865 ]
   ...
   [-0.9953177  -0.9954408  -0.9957791 ]
   [-0.9953331  -0.99545616 -0.9957945 ]
   [-0.99493325 -0.9950563  -0.99539465]]]


 [[[-0.99306726 -0.99357784 -0.99454206]
   [-0.99311596 -0.9936293  -0.9945807 ]
   [-0.9931679  -0.99366    -0.994675  ]
   ...
   [-0.9933593  -0.9939319  -0.9949823 ]
   [-0.99340725 -0.9940224  -0.9950869 ]
   [-0.9932823  -0.9938975  -0.994937  ]]

  [[-0.99315727 -0.99366784 -0.99462736]
   [-0.9933169  -0.99383974 -0.9947625 ]
   [-0.9933107  -0.99382865 -0.99476606]
   ...
   [-0.993458   -0.99407285 -0.9950877 ]
   [-0.99332386 -0.993939   -0.9949619 ]
   [-0.9932792  -0.9939099  -0.9948978 ]]

  [[-0.99312335 -0.993634   -0.99459344]
   [-0.9932949  -0.99381775 -0.9947405 ]
   [-0.9932033  -0.9937262  -0.9946489 ]
   ...
   [-0.99332774 -0.9939121  -0.99489635]
   [-0.993401   -0.9940197  -0.9950231 ]
   [-0.99328077 -0.9939226  -0.9948781 ]]

  ...

  [[-0.993283   -0.9939174  -0.9948938 ]
   [-0.9934471  -0.99409306 -0.99504244]
   [-0.99348754 -0.99412936 -0.9950808 ]
   ...
   [-0.9936369  -0.9944058  -0.99532855]
   [-0.99361855 -0.99444574 -0.9953701 ]
   [-0.9935997  -0.9944302  -0.99535286]]

  [[-0.99331903 -0.9939956  -0.99497455]
   [-0.9934734  -0.99418086 -0.9951343 ]
   [-0.993392   -0.99409944 -0.99505293]
   ...
   [-0.99367476 -0.994515   -0.9954377 ]
   [-0.9937029  -0.9944639  -0.9954987 ]
   [-0.9936356  -0.9944967  -0.99549127]]

  [[-0.9932805  -0.99398786 -0.9950109 ]
   [-0.9934308  -0.9941382  -0.99512243]
   [-0.9933944  -0.99412584 -0.99509805]
   ...
   [-0.9935413  -0.9944561  -0.9954288 ]
   [-0.99363256 -0.994479   -0.99547845]
   [-0.99345994 -0.99441344 -0.99536693]]]


 ...


 [[[-0.99219257 -0.9921688  -0.9922045 ]
   [-0.9921927  -0.9921945  -0.99215686]
   [-0.99222654 -0.9921776  -0.9921932 ]
   ...
   [-0.9929692  -0.99293715 -0.9932549 ]
   [-0.9928685  -0.9929709  -0.993134  ]
   [-0.9924118  -0.9924338  -0.99261016]]

  [[-0.99216753 -0.9921688  -0.9922303 ]
   [-0.99215686 -0.99215686 -0.99222463]
   [-0.9922107  -0.99215686 -0.99224436]
   ...
   [-0.9961921  -0.99625134 -0.9969081 ]
   [-0.99629575 -0.99638486 -0.99691767]
   [-0.9954946  -0.9956264  -0.9961542 ]]

  [[-0.9921668  -0.9921688  -0.9922618 ]
   [-0.9922042  -0.99217844 -0.9923447 ]
   [-0.9921575  -0.99215686 -0.9922701 ]
   ...
   [-0.9961856  -0.9961899  -0.99698657]
   [-0.9964651  -0.9965266  -0.9972854 ]
   [-0.9962355  -0.99633396 -0.9970878 ]]

  ...

  [[-0.9922124  -0.9921906  -0.99222815]
   [-0.992593   -0.99261034 -0.99275756]
   [-0.99336827 -0.993415   -0.9937639 ]
   ...
   [-0.9921636  -0.9921636  -0.9921636 ]
   [-0.99217427 -0.99216604 -0.9922133 ]
   [-0.99217266 -0.99217266 -0.99217266]]

  [[-0.99219257 -0.99217    -0.99217826]
   [-0.99221474 -0.9922121  -0.9922727 ]
   [-0.9922132  -0.9921827  -0.99234766]
   ...
   [-0.9921876  -0.9921876  -0.9921876 ]
   [-0.9921876  -0.9921876  -0.9921876 ]
   [-0.99215686 -0.99215686 -0.99215686]]

  [[-0.9921969  -0.9921969  -0.99221194]
   [-0.9921831  -0.99215686 -0.9922134 ]
   [-0.9921856  -0.99215686 -0.9923386 ]
   ...
   [-0.99215686 -0.99215686 -0.99215686]
   [-0.99215686 -0.99215686 -0.99215686]
   [-0.99215686 -0.99215686 -0.99215686]]]


 [[[-0.9954194  -0.99704957 -0.9980953 ]
   [-0.9940609  -0.995691   -0.99673676]
   [-0.99389094 -0.99552107 -0.99656683]
   ...
   [-0.99372965 -0.9956058  -0.9970514 ]
   [-0.99350137 -0.99537754 -0.99682313]
   [-0.99369836 -0.99557453 -0.9970201 ]]

  [[-0.9947429  -0.996373   -0.99741876]
   [-0.9939106  -0.9955408  -0.9965865 ]
   [-0.99399954 -0.9956297  -0.99667543]
   ...
   [-0.99392414 -0.9958004  -0.99718446]
   [-0.9939286  -0.99580485 -0.9971889 ]
   [-0.99403244 -0.9959086  -0.9972927 ]]

  [[-0.9952736  -0.9969038  -0.99794954]
   [-0.9937609  -0.995391   -0.9964368 ]
   [-0.9938093  -0.9954394  -0.9964852 ]
   ...
   [-0.9937904  -0.99566656 -0.99705064]
   [-0.99369043 -0.99556667 -0.99695075]
   [-0.9939124  -0.9957886  -0.99717265]]

  ...

  [[-0.9951603  -0.9968827  -0.9979824 ]
   [-0.9949851  -0.99670756 -0.9977429 ]
   [-0.99514973 -0.9968951  -0.99790245]
   ...
   [-0.9941605  -0.99640334 -0.99734086]
   [-0.9944209  -0.9966638  -0.9976335 ]
   [-0.9946554  -0.99689823 -0.9978825 ]]

  [[-0.9953974  -0.99699855 -0.99802065]
   [-0.9950781  -0.9967068  -0.9976603 ]
   [-0.9949605  -0.99659765 -0.9975989 ]
   ...
   [-0.99462235 -0.9966359  -0.99749637]
   [-0.99470973 -0.99672323 -0.99758375]
   [-0.994895   -0.99690855 -0.997769  ]]

  [[-0.99575883 -0.9971645  -0.99817795]
   [-0.99528486 -0.9967599  -0.9977548 ]
   [-0.9945171  -0.9960321  -0.99702424]
   ...
   [-0.99411076 -0.99601775 -0.996726  ]
   [-0.99389046 -0.99577606 -0.99650556]
   [-0.99400574 -0.9958544  -0.99664927]]]


 [[[-0.99690455 -0.99690455 -0.99690455]
   [-0.996309   -0.996309   -0.996309  ]
   [-0.99648726 -0.99648726 -0.99648726]
   ...
   [-0.9941904  -0.9941904  -0.9941904 ]
   [-0.9943958  -0.9943958  -0.9943958 ]
   [-0.9943229  -0.9943229  -0.9943229 ]]

  [[-0.9963469  -0.9963469  -0.9963469 ]
   [-0.9960882  -0.9960882  -0.9960882 ]
   [-0.996083   -0.996083   -0.996083  ]
   ...
   [-0.9943366  -0.9943366  -0.9943366 ]
   [-0.9944921  -0.9944921  -0.9944921 ]
   [-0.99437827 -0.99437827 -0.99437827]]

  [[-0.9958952  -0.9958952  -0.9958952 ]
   [-0.9956531  -0.9956531  -0.9956531 ]
   [-0.99550104 -0.99550104 -0.99550104]
   ...
   [-0.99447286 -0.99447286 -0.99447286]
   [-0.9945146  -0.9945146  -0.9945146 ]
   [-0.99429435 -0.99429435 -0.99429435]]

  ...

  [[-0.99983346 -0.99983346 -0.99983346]
   [-0.9993497  -0.9993497  -0.9993497 ]
   [-0.9993137  -0.9993137  -0.9993137 ]
   ...
   [-0.9949627  -0.9949627  -0.9949627 ]
   [-0.99605566 -0.99605566 -0.99605566]
   [-0.9963055  -0.9963055  -0.9963055 ]]

  [[-0.9998457  -0.9998457  -0.9998457 ]
   [-0.999503   -0.999503   -0.999503  ]
   [-0.99952507 -0.99952507 -0.99952507]
   ...
   [-0.9948457  -0.9948457  -0.9948457 ]
   [-0.9959805  -0.9959805  -0.9959805 ]
   [-0.99636924 -0.99636924 -0.99636924]]

  [[-0.99991494 -0.99991494 -0.99991494]
   [-0.9997442  -0.9997442  -0.9997442 ]
   [-0.99969137 -0.99969137 -0.99969137]
   ...
   [-0.996471   -0.996471   -0.996471  ]
   [-0.9970676  -0.9970676  -0.9970676 ]
   [-0.99656916 -0.99656916 -0.99656916]]]]
